2 0.1648 0.2182 0.1043 0.0373
2 0.5937 0.2799 0.1488 0.0711
2 0.5340 0.2309 0.0557 0.0396
1 0.5935 0.5502 0.1960 0.3848
1 0.7268 0.5839 0.1646 0.3863
1 0.8796 0.4577 0.1394 0.2473
1 0.2855 0.3345 0.0260 0.0966
1 0.2595 0.3544 0.0341 0.0440
1 0.4171 0.3629 0.0235 0.0482
1 0.2251 0.2513 0.0282 0.0682
1 0.4132 0.3172 0.0305 0.0697
1 0.4468 0.3163 0.0295 0.0776
1 0.8934 0.4820 0.1561 0.3477
2 0.8386 0.2719 0.0533 0.0568
1 0.4299 0.3619 0.0196 0.0462
1 0.3236 0.3354 0.0236 0.0961
1 0.3566 0.3245 0.0185 0.0764
1 0.5133 0.2958 0.9609 0.1925
