2 0.8343 0.8803 0.3314 0.2184
2 0.3844 0.6994 0.0543 0.0758
2 0.5603 0.7036 0.0312 0.0588
1 0.5549 0.8305 0.1017 0.2989
1 0.4674 0.8359 0.0796 0.3036
1 0.0924 0.8074 0.1788 0.3648
1 0.7466 0.7854 0.1679 0.3034
1 0.4254 0.6992 0.0407 0.0822
1 0.4513 0.6959 0.0242 0.0968
1 0.1783 0.6606 0.0294 0.0681
1 0.2016 0.6647 0.0254 0.0595
1 0.4118 0.7080 0.0200 0.0984
1 0.4273 0.6636 0.0139 0.0416
1 0.8943 0.7785 0.0501 0.1080
1 0.8453 0.7953 0.1439 0.2952
2 0.3863 0.6548 0.0509 0.0385
1 0.4883 0.7190 0.0391 0.1265
