3 0.7769 0.2986 0.1259 0.2531
3 0.4145 0.7994 0.2769 0.3642
3 0.3162 0.6103 0.2635 0.3302
3 0.3974 0.4387 0.2070 0.2292
3 0.4551 0.3295 0.1914 0.2315
3 0.4449 0.2554 0.1424 0.1543
3 0.4110 0.2184 0.1545 0.1559
3 0.3863 0.2184 0.1337 0.2114
3 0.3661 0.1863 0.1159 0.2137
3 0.3292 0.1559 0.1202 0.1620
3 0.4362 0.0957 0.0668 0.1481
3 0.5286 0.0297 0.0677 0.0517
1 0.6007 0.4182 0.1111 0.3935
1 0.6743 0.4124 0.0803 0.3974
1 0.8212 0.4360 0.0825 0.3657
1 0.5599 0.1813 0.0477 0.2037
1 0.6940 0.3106 0.0469 0.3326
