3 0.1653 0.5187 0.0656 0.1076
3 0.1134 0.4476 0.0669 0.1114
3 0.0581 0.3953 0.0312 0.0528
3 0.2459 0.6431 0.0444 0.1143
3 0.6053 0.9280 0.0844 0.1422
3 0.5194 0.7863 0.0688 0.1643
3 0.4231 0.8650 0.0700 0.1604
3 0.5809 0.4789 0.0356 0.1124
3 0.4381 0.4798 0.0488 0.1182
3 0.6737 0.1254 0.0300 0.0355
3 0.7247 0.0552 0.0344 0.0394
3 0.7478 0.7166 0.0469 0.1364
3 0.5044 0.4476 0.0500 0.0442
3 0.7331 0.2181 0.0288 0.0327
1 0.9897 0.0562 0.0169 0.0817
1 0.9656 0.0701 0.0225 0.0788
1 0.9778 0.0504 0.0156 0.0701
1 0.8556 0.0696 0.0187 0.0740
1 0.8456 0.0836 0.0200 0.0749
1 0.8306 0.0893 0.0213 0.0615
1 0.8300 0.1345 0.0200 0.0634
1 0.9275 0.1734 0.0213 0.1009
1 0.9103 0.2027 0.0231 0.0634
1 0.9688 0.1931 0.0200 0.0480
1 0.9097 0.2738 0.0531 0.1268
1 0.8962 0.3593 0.0400 0.1230
1 0.8891 0.3919 0.0256 0.1210
1 0.8744 0.4083 0.0312 0.1249
1 0.8631 0.3468 0.0288 0.0480
1 0.8547 0.3165 0.0169 0.0375
1 0.9744 0.5951 0.0312 0.1431
1 0.9800 0.6537 0.0175 0.1047
1 0.9856 0.7301 0.0225 0.1979
1 0.6963 0.8626 0.0825 0.2305
1 0.6166 0.7791 0.0456 0.1537
1 0.6209 0.6561 0.0344 0.1422
1 0.6538 0.7205 0.0400 0.1422
1 0.6769 0.6652 0.0387 0.1912
1 0.7134 0.6638 0.0344 0.1825
1 0.7344 0.5855 0.0225 0.0663
1 0.7612 0.6057 0.0213 0.1009
1 0.7322 0.5024 0.0344 0.1230
1 0.7597 0.5024 0.0244 0.0749
1 0.7887 0.4760 0.0275 0.0567
1 0.6522 0.4769 0.0469 0.0586
1 0.6444 0.1124 0.0213 0.0327
1 0.7194 0.0293 0.0175 0.0202
1 0.1794 0.4500 0.0225 0.0701
1 0.1728 0.4947 0.0369 0.1249
1 0.2575 0.5701 0.0387 0.0701
1 0.2609 0.5605 0.0544 0.0567
1 0.4422 0.4371 0.0344 0.1114
1 0.4550 0.4126 0.0225 0.0567
1 0.5069 0.4159 0.0213 0.0288
1 0.4866 0.4083 0.0231 0.0615
1 0.5544 0.4376 0.0275 0.0682
1 0.5737 0.4140 0.0213 0.0423
1 0.7356 0.1864 0.0187 0.0307
1 0.7369 0.1753 0.0213 0.0221
1 0.7678 0.2224 0.0156 0.0817
1 0.7816 0.2349 0.0169 0.1047
1 0.8000 0.2277 0.0200 0.1057
1 0.9284 0.4361 0.0256 0.0749
1 0.9684 0.8972 0.0431 0.2017
1 0.4275 0.8189 0.0725 0.1643
1 0.4241 0.7502 0.0456 0.0749
1 0.5256 0.7368 0.0587 0.1748
1 0.6088 0.8650 0.0700 0.1470
1 0.7416 0.4217 0.0369 0.1114
1 0.2313 0.4049 0.0312 0.0413
1 0.1056 0.4083 0.0225 0.0634
1 0.5075 0.2478 0.0225 0.0346
2 0.0569 0.5072 0.1087 0.1537
2 0.2544 0.4304 0.1100 0.1902
2 0.3328 0.5000 0.1181 0.1931
2 0.3759 0.3300 0.1069 0.1643
2 0.4587 0.4116 0.1212 0.1662
2 0.4928 0.5682 0.1269 0.2104
2 0.1028 0.7483 0.1656 0.2286
2 0.3034 0.7550 0.1594 0.2305
2 0.3459 0.9227 0.1844 0.1489
2 0.4888 0.3285 0.1037 0.1095
2 0.5275 0.2690 0.0912 0.1076
2 0.5497 0.2022 0.0644 0.0836
2 0.6384 0.0730 0.0644 0.1076
2 0.6228 0.3343 0.0869 0.1383
2 0.7072 0.3876 0.0844 0.1796
2 0.7353 0.3141 0.0756 0.1595
2 0.6431 0.2579 0.0625 0.0989
2 0.6697 0.2253 0.0556 0.1047
2 0.6462 0.1744 0.0600 0.0548
2 0.7009 0.1748 0.0631 0.0941
2 0.8291 0.4654 0.0869 0.0855
2 0.8169 0.4025 0.0900 0.0596
2 0.8225 0.3305 0.0813 0.0788
2 0.8509 0.2714 0.0781 0.1047
2 0.8675 0.1830 0.0488 0.0817
2 0.8891 0.1455 0.0381 0.0663
