3 0.2860 0.9093 0.0240 0.0837
3 0.1775 0.7023 0.0270 0.1070
3 0.3115 0.5733 0.0210 0.0488
3 0.8695 0.6895 0.0330 0.0535
3 0.3695 0.1686 0.0110 0.0256
1 0.1060 0.6919 0.0300 0.1465
1 0.2845 0.8244 0.0310 0.1000
1 0.4365 0.9209 0.0410 0.1535
1 0.8750 0.6035 0.0140 0.0674
1 0.8710 0.6395 0.0200 0.0419
1 0.7860 0.5372 0.0260 0.0930
1 0.3065 0.5198 0.0130 0.0442
1 0.3110 0.5140 0.0160 0.0326
1 0.2450 0.2756 0.0120 0.0256
1 0.2640 0.2640 0.0160 0.0256
1 0.3040 0.2744 0.0120 0.0326
1 0.3090 0.2186 0.0120 0.0279
1 0.2075 0.2198 0.0110 0.0302
1 0.2235 0.2023 0.0090 0.0233
1 0.4650 0.2709 0.0120 0.0256
1 0.4310 0.2372 0.0140 0.0279
1 0.5335 0.2674 0.0110 0.0233
1 0.5475 0.2628 0.0110 0.0186
1 0.5825 0.3337 0.0090 0.0256
1 0.5820 0.2686 0.0140 0.0256
1 0.6110 0.2942 0.0160 0.0302
1 0.6185 0.3360 0.0090 0.0256
1 0.6315 0.3430 0.0130 0.0302
1 0.3350 0.1465 0.0100 0.0186
1 0.2190 0.1500 0.0100 0.0209
1 0.1725 0.1407 0.0090 0.0209
1 0.1620 0.1337 0.0060 0.0209
1 0.3270 0.1314 0.0080 0.0256
2 0.4165 0.7895 0.0830 0.1698
2 0.5285 0.7233 0.0750 0.1535
2 0.3655 0.6802 0.0610 0.1279
2 0.4920 0.6453 0.0680 0.1372
2 0.4445 0.5523 0.0550 0.1512
2 0.3960 0.4419 0.0340 0.1070
2 0.4180 0.3872 0.0320 0.0767
2 0.5190 0.3081 0.0320 0.0628
2 0.5520 0.4465 0.0560 0.1209
2 0.6080 0.5605 0.0700 0.1349
2 0.6735 0.6791 0.0470 0.1628
2 0.7175 0.5570 0.0750 0.1744
2 0.8895 0.8140 0.1090 0.1860
2 0.2950 0.3395 0.0320 0.0791
2 0.3310 0.2616 0.0320 0.0535
2 0.0315 0.5058 0.0370 0.0860
2 0.0350 0.3733 0.0220 0.0395
2 0.0475 0.3640 0.0210 0.0442
2 0.2735 0.2349 0.0270 0.0558
2 0.2955 0.2128 0.0130 0.0442
2 0.2470 0.1605 0.0260 0.0372
2 0.2720 0.1349 0.0120 0.0372
2 0.1945 0.1442 0.0190 0.0279
2 0.1805 0.1302 0.0090 0.0186
