2 0.3638 0.6526 0.0975 0.2148
2 0.3096 0.4881 0.0992 0.1496
2 0.4196 0.3993 0.0642 0.1141
2 0.0854 0.4489 0.1042 0.1067
2 0.1092 0.3415 0.0800 0.0785
2 0.1596 0.2622 0.0625 0.0652
2 0.1983 0.3385 0.0867 0.0756
2 0.2400 0.3689 0.0867 0.1007
2 0.4054 0.2830 0.0392 0.0830
2 0.4517 0.2963 0.0400 0.0889
2 0.4350 0.2259 0.0333 0.0578
2 0.4888 0.2037 0.0275 0.0430
2 0.4587 0.1607 0.0192 0.0370
2 0.4783 0.1474 0.0200 0.0370
2 0.4983 0.1667 0.0200 0.0489
2 0.5058 0.1178 0.0167 0.0311
2 0.3896 0.1607 0.0242 0.0370
2 0.3621 0.1119 0.0142 0.0252
2 0.4629 0.1326 0.0108 0.0193
2 0.4562 0.1200 0.0208 0.0296
2 0.4813 0.1133 0.0142 0.0252
2 0.4704 0.1000 0.0125 0.0341
2 0.4012 0.1081 0.0175 0.0296
2 0.4292 0.1015 0.0133 0.0252
2 0.3862 0.1333 0.0225 0.0296
2 0.4454 0.0711 0.0125 0.0237
2 0.3837 0.1067 0.0175 0.0237
3 0.4913 0.7481 0.0342 0.1067
3 0.5325 0.9563 0.0367 0.0815
3 0.4938 0.2407 0.0125 0.0311
1 0.5387 0.8844 0.0425 0.0889
1 0.5454 0.8807 0.0425 0.1289
1 0.4958 0.6778 0.0267 0.0519
1 0.5008 0.5244 0.0267 0.0593
1 0.5004 0.5022 0.0308 0.0593
1 0.4992 0.4333 0.0233 0.0519
1 0.6379 0.4778 0.0208 0.1052
1 0.5400 0.2733 0.0167 0.0252
1 0.5075 0.2496 0.0133 0.0252
1 0.4958 0.2185 0.0100 0.0222
1 0.5221 0.1267 0.0075 0.0133
1 0.5321 0.1178 0.0092 0.0193
1 0.0096 0.3681 0.0192 0.0785
1 0.3142 0.1504 0.0100 0.0193
1 0.3396 0.1370 0.0092 0.0252
1 0.3529 0.1156 0.0058 0.0178
1 0.4263 0.1341 0.0092 0.0193
1 0.4213 0.1156 0.0075 0.0178
