3 0.3800 0.8798 0.0982 0.2186
3 0.5982 0.7869 0.1273 0.1311
3 0.5945 0.2377 0.0764 0.1803
3 0.5327 0.2596 0.0545 0.1366
2 0.1145 0.5765 0.2364 0.3661
2 0.0945 0.1230 0.1745 0.2350
2 0.2636 0.2486 0.1709 0.2787
2 0.6345 0.9344 0.2800 0.1421
1 0.2291 0.7158 0.1018 0.1530
1 0.2855 0.6120 0.0836 0.1639
1 0.2436 0.5765 0.0364 0.1038
1 0.3545 0.5492 0.0836 0.1585
1 0.3091 0.4481 0.0873 0.1421
1 0.2418 0.3579 0.0836 0.1366
1 0.3109 0.3169 0.0764 0.1421
1 0.0345 0.3415 0.0691 0.0929
1 0.0545 0.3169 0.0727 0.1311
1 0.0345 0.1530 0.0618 0.1202
1 0.2782 0.0410 0.0691 0.0820
1 0.3545 0.1011 0.0618 0.1148
1 0.4218 0.0546 0.0727 0.0984
1 0.4273 0.1339 0.0764 0.1148
1 0.3927 0.2514 0.0727 0.1202
1 0.4309 0.3224 0.0764 0.1202
1 0.4873 0.2760 0.0727 0.1148
1 0.4364 0.4016 0.0873 0.1257
1 0.4327 0.4863 0.0945 0.1311
1 0.4455 0.6421 0.0909 0.2459
1 0.6182 0.5765 0.0873 0.1585
1 0.5945 0.4727 0.0909 0.1475
1 0.6436 0.4672 0.0364 0.1366
1 0.5927 0.3689 0.0873 0.1366
1 0.5400 0.1585 0.0691 0.1202
1 0.5964 0.1339 0.0727 0.0929
1 0.6764 0.1803 0.0800 0.1311
1 0.7782 0.2350 0.0655 0.2077
1 0.8036 0.3443 0.0800 0.1421
1 0.8400 0.5109 0.0945 0.2787
1 0.7073 0.4617 0.0982 0.1913
1 0.7764 0.5574 0.0764 0.1311
1 0.7545 0.6967 0.1055 0.1694
1 0.8291 0.8115 0.0509 0.1366
1 0.8836 0.8825 0.1309 0.2240
1 0.9382 0.7923 0.1164 0.1967
1 0.9364 0.4317 0.0909 0.2732
1 0.3800 0.7486 0.1127 0.1749
1 0.5982 0.7022 0.1127 0.1694
1 0.3345 0.9071 0.1236 0.1858
