1 0.1375 0.6042 0.1825 0.5324
1 0.1954 0.5694 0.2262 0.7500
1 0.4023 0.4144 0.1465 0.5046
1 0.4923 0.3380 0.0900 0.3426
1 0.1260 0.1713 0.0411 0.0926
1 0.1684 0.1690 0.0488 0.0880
1 0.2352 0.1458 0.0334 0.0509
1 0.2789 0.1296 0.0283 0.0648
1 0.5180 0.2731 0.0591 0.1944
1 0.5463 0.2384 0.0643 0.1528
1 0.5566 0.2060 0.0591 0.1528
1 0.6067 0.6273 0.0308 0.0880
1 0.6041 0.2431 0.0668 0.2083
1 0.6388 0.2199 0.0386 0.1806
1 0.6697 0.2269 0.0437 0.1852
1 0.7121 0.1690 0.0308 0.0880
1 0.7365 0.1759 0.0334 0.1019
3 0.1555 0.6921 0.3059 0.6250
3 0.3728 0.5139 0.1902 0.4630
3 0.7185 0.2222 0.0334 0.0648
2 0.1774 0.3495 0.3496 0.2824
2 0.2763 0.2060 0.1568 0.0880
2 0.4370 0.1713 0.0823 0.1296
2 0.5193 0.1412 0.0823 0.0694
2 0.7789 0.1111 0.0360 0.0370
