2 0.1082 0.7000 0.2098 0.3697
2 0.5639 0.5970 0.1967 0.2364
2 0.0689 0.4394 0.1377 0.1394
2 0.0803 0.4091 0.1607 0.1394
2 0.5246 0.4000 0.1770 0.1697
2 0.5836 0.3394 0.1049 0.1091
1 0.3459 0.3758 0.0623 0.1212
1 0.3459 0.7879 0.1475 0.3030
1 0.2852 0.7333 0.0656 0.2061
1 0.3148 0.5848 0.0525 0.1273
1 0.4885 0.6273 0.0984 0.2242
1 0.5492 0.7697 0.1016 0.2303
1 0.6492 0.6727 0.1180 0.2182
1 0.8000 0.6636 0.0984 0.2242
1 0.9525 0.5636 0.0820 0.1576
1 0.9738 0.4121 0.0459 0.2424
1 0.8984 0.4364 0.0590 0.1576
1 0.6934 0.4030 0.0557 0.1030
1 0.7803 0.4364 0.0590 0.1091
1 0.4066 0.3364 0.0393 0.0788
1 0.0393 0.3091 0.0262 0.0485
1 0.7656 0.1091 0.0164 0.0364
1 0.7820 0.1303 0.0164 0.0424
1 0.4738 0.4576 0.0557 0.1030
1 0.5820 0.4000 0.0623 0.1091
3 0.5361 0.9000 0.1148 0.1879
3 0.4033 0.4424 0.0525 0.1576
3 0.4557 0.5788 0.0459 0.1394
