2 0.1633 0.5830 0.1333 0.2095
2 0.4022 0.5534 0.0267 0.1383
2 0.3433 0.5563 0.0933 0.1522
2 0.6111 0.7984 0.2511 0.4032
2 0.7728 0.7233 0.1544 0.2411
2 0.7033 0.6324 0.1089 0.1107
2 0.8561 0.6630 0.0944 0.1877
2 0.7950 0.5810 0.0478 0.0316
2 0.1961 0.4753 0.0700 0.0652
2 0.3772 0.4941 0.0478 0.0672
2 0.1156 0.4605 0.0600 0.0237
2 0.9211 0.6383 0.0578 0.1304
2 0.8917 0.5593 0.0611 0.0277
2 0.9683 0.6028 0.0278 0.0751
2 0.9406 0.5593 0.0367 0.0356
1 0.3117 0.6146 0.0767 0.3123
1 0.2689 0.5247 0.0489 0.1285
1 0.2406 0.5040 0.0344 0.0909
1 0.0611 0.6255 0.1000 0.3498
1 0.1078 0.6393 0.0644 0.3300
1 0.5517 0.8320 0.1256 0.3439
1 0.9467 0.5870 0.0244 0.0435
1 0.9878 0.5672 0.0156 0.0316
1 0.0333 0.4881 0.0200 0.0830
1 0.9606 0.5524 0.0100 0.0178
3 0.0578 0.7362 0.1133 0.3498
3 0.9444 0.8676 0.1156 0.2490
3 0.9844 0.6186 0.0200 0.0791
